Testcase input #1: 
436 990
15 200
1502 1838
174 544 804

Testcase input #2: 
519 922
218 372
1732 706
580 977 979

Testcase input #3: 
509 762
374 713
1509 1550
478 683 856

Testcase input #4: 
890 433
308 773
835 402
757 201 330

Testcase input #5: 
229 350
425 309
1669 1781
733 153 377

Testcase input #6: 
450 488
719 381
1022 1714
328 327 55

Testcase input #7: 
834 334
861 817
329 975
137 881 137

Testcase input #8: 
604 25
273 284
608 903
439 214 338

Testcase input #9: 
322 965
381 686
729 124
951 755 146

Testcase input #10: 
255 86
249 11
1305 996
418 588 635

Testcase input #11: 
598 216
389 264
1004 1473
228 181 958

Testcase input #12: 
549 433
524 368
1316 432
856 529 485

Testcase input #13: 
168 567
180 538
1918 1404
637 924 905

Testcase input #14: 
761 0
53 151
1675 1652
246 648 373

Testcase input #15: 
177 429
597 843
1533 199
437 427 857

Testcase input #16: 
555 414
353 34
720 1186
637 805 984

Testcase input #17: 
721 668
357 223
1932 1886
575 872 823

Testcase input #18: 
915 404
240 775
1875 446
428 508 349

Testcase input #19: 
722 347
238 752
1328 1176
804 966 940

Testcase input #20: 
532 904
463 83
998 1269
897 625 497

Testcase input #21: 
684 8
482 142
705 549
804 752 600

Testcase input #22: 
806 924
756 608
1913 1446
347 123 154

Testcase input #23: 
463 345
251 459
1276 1163
665 281 639

Testcase input #24: 
699 797
129 593
1692 1827
793 566 940

Testcase input #25: 
671 291
287 498
1881 322
881 454 362

Testcase input #26: 
694 269
136 783
1021 1086
710 743 676

Testcase input #27: 
983 318
346 828
1729 84
686 17 180

Testcase input #28: 
194 609
249 95
223 1458
297 729 388

Testcase input #29: 
562 10
873 722
1823 1590
323 512 626

Testcase input #30: 
422 544
844 850
1266 1071
27 671 521

Testcase input #31: 
437 484
477 851
411 338
48 354 193

Testcase input #32: 
718 773
424 395
245 146
742 225 7

Testcase input #33: 
284 263
19 303
1994 1182
383 346 608

Testcase input #34: 
234 984
700 313
1495 1007
177 335 378

Testcase input #35: 
638 700
833 532
819 1757
985 929 244

Testcase input #36: 
658 716
556 579
1907 1667
276 474 719

Testcase input #37: 
754 806
277 779
566 376
977 408 102

Testcase input #38: 
133 261
256 247
163 143
209 591 328

Testcase input #39: 
526 991
66 542
337 1042
401 506 332

Testcase input #40: 
382 620
789 514
310 1191
579 522 732

Testcase input #41: 
598 969
461 424
40 1876
227 131 588

Testcase input #42: 
508 184
546 276
210 1184
31 703 186

Testcase input #43: 
311 986
602 327
366 1253
941 826 575

Testcase input #44: 
208 932
87 653
757 1020
484 130 303

Testcase input #45: 
238 813
217 794
546 1270
47 555 590

Testcase input #46: 
769 23
121 543
836 468
241 137 417

Testcase input #47: 
363 723
603 622
15 1842
343 125 911

Testcase input #48: 
293 834
681 433
782 200
801 776 260

Testcase input #49: 
118 549
283 100
1310 1459
159 613 457

Testcase input #50: 
339 505
536 739
1795 275
184 81 711

Testcase input #51: 
443 299
544 865
1552 361
463 467 354

Testcase input #52: 
848 743
110 111
1341 175
125 412 335

Testcase input #53: 
568 423
800 743
225 1056
980 269 211

Testcase input #54: 
581 397
338 78
560 316
759 899 900

Testcase input #55: 
872 372
351 476
1232 584
762 976 689

Testcase input #56: 
651 286
891 149
1140 17
552 241 185

Testcase input #57: 
161 348
64 710
1015 708
437 695 866

Testcase input #58: 
789 511
86 525
514 1122
697 51 858

Testcase input #59: 
321 28
670 833
1952 403
681 899 615

Testcase input #60: 
45 658
465 66
1486 595
471 229 987

Testcase input #61: 
614 789
308 331
916 1673
242 697 247

Testcase input #62: 
591 340
158 146
732 1174
542 401 299

Testcase input #63: 
909 616
699 534
297 748
988 504 614

Testcase input #64: 
804 878
773 438
1886 244
186 700 132

Testcase input #65: 
216 531
693 182
1392 1769
992 893 563

Testcase input #66: 
330 551
510 557
776 735
543 933 937

Testcase input #67: 
954 637
133 307
1733 144
975 584 997

Testcase input #68: 
859 491
661 260
1026 1559
95 296 414

Testcase input #69: 
85 38
618 282
1761 59
246 677 986

Testcase input #70: 
738 692
210 206
812 1458
193 144 253

Testcase input #71: 
6 909
795 404
981 396
452 569 350

Testcase input #72: 
983 204
561 159
1853 1097
935 869 495

Testcase input #73: 
393 634
59 415
1045 1175
457 102 949

Testcase input #74: 
191 340
653 133
729 744
160 748 258

Testcase input #75: 
437 198
648 54
324 33
563 873 582

Testcase input #76: 
38 796
384 549
150 131
894 308 934

Testcase input #77: 
219 182
897 768
1162 574
940 713 53

Testcase input #78: 
45 833
843 717
1828 687
334 558 547

Testcase input #79: 
507 352
377 387
917 1473
54 640 893

Testcase input #80: 
424 852
674 677
1586 1990
895 421 747

Testcase input #81: 
900 230
305 162
1738 1445
595 767 646

Testcase input #82: 
492 780
171 493
462 557
259 266 140

Testcase input #83: 
107 79
57 894
301 1808
345 558 72

Testcase input #84: 
873 190
107 337
1340 106
48 201 379

Testcase input #85: 
196 818
305 834
1201 1270
777 572 610

Testcase input #86: 
722 675
59 797
1512 1401
166 143 390

Testcase input #87: 
40 679
322 486
225 1688
169 329 148

Testcase input #88: 
598 263
414 218
331 334
355 487 835

Testcase input #89: 
542 671
574 491
1414 774
519 374 167

Testcase input #90: 
479 496
558 839
1037 1254
100 228 766

Testcase input #91: 
172 671
242 144
1486 918
452 371 589

Testcase input #92: 
952 132
444 848
388 907
846 830 388

Testcase input #93: 
326 773
218 85
1258 1013
639 215 178

Testcase input #94: 
296 671
477 249
493 762
254 242 559

Testcase input #95: 
702 320
297 636
1595 1011
584 938 270

Testcase input #96: 
382 227
534 840
861 1807
348 500 679

Testcase input #97: 
145 554
122 501
181 78
472 352 516

Testcase input #98: 
615 319
406 50
1370 439
265 515 542

Testcase input #99: 
57 502
532 452
1776 69
583 737 275

Testcase input #100: 
206 972
479 337
1290 225
229 814 106

